11Τ ΜΒΒΙΟΑΜΕΝΤΟΒΒΜ. 667

Aqua Geminum 0121212, 68, 88, 116, nummum 1112212111, 70, 284, 260.

188. 8212211111 Ρ2112121111111, (1632123121 1³⁶·
63112116242162,21121222,2212221,Ι.121.),7116,11’,2 182,141,186,
Aqua 122112 6121212112,120,121,188, 8212211111 8112111212 (0121112 8212111122-

147, 162 11123) 6112211111,126,1“2121111161121111,
631282211222,22,40,102,106,168,168. 146.

Aqua 1111261112, 2, 28. 8222261132. (72222122 8222262232,

Aqua 8311262222, 40, 68, 102, 168. Liun.) [v. 82112]

Aqua Papaveris 81121121, vel 1111222122, 82162112. (82262212 2211312212, 111111) [2.
2,1ι,22,114,122. eoum]

6212Ρ212122222.[2.42221·“1222218222· 82121122(82121112222121112112, 11111) [

1161212 81211231112, 40, 66, 68, 71, 84, 1101111122. (02122122 822222,Βὶ1111) [v.

88, 110, 176, 189, 108, 206, 241. 621212]

63128211112222,11, 22, 40, 102, 106, 8212112 Ρ111 11211211. [v. ,4 3221222]

168, 168. 82112 2211232111121121111222, 184, 221-
6 212 1123112111 0211322112, 261. 1112212111 febre de 1121. 211. 61- 64 146,
Aqua 1122211111, 84, 64,107,168,164, 21212622112112 ctione 1122121, 78,186,

226, qm Aqua 82221168161221111, 48, purgativus 11 121212, 81, 2111112211

1761886612 222111.,18,140;21112111 1122111111
63128222111182112222112111136120,1211112,Ρ,46118,2221221121112211221121121
A 2,12111122 76, 88, 111, 188, 184, 186, 82112 61111212. (Α23 11122 821112 22622,

2121122222. [11112222,12,21.112,121,221,141,
A qun 8221111οο11222112, 4, 20, 26, 148, 242.

1829 8211131 (Βονα32262122112,1.11111.)[2.
61212 spermatis 1121121111,48,176,188,1132281221]

286. 822 Τ21112. [2. Vacca]

Aqua Therimliu 8111121122, 6 7, 16, 20, 8221221112 Semta, [v. 0116221112]
46, 148, 174. Brunca 1112112. (Acanthus 2121112, Liun.)
612 1111121122,16. [162112]
6131211122,18,88. 8111121111. (Rutu 22212211121111111.) [2.
6131112 821112 1222. [2. Terra 62121111] naun]

6131112 82112 rubra [182122 6221222] 82221112 61112. (8232212 21621, Liun.) [v.
6112121221112. (621212122612122132, 21621· A qua, 622112]

2121221112 rotunda, Liun.) [27122116] unglousum. (Ancum 2212122112111111.)
611212122612 8212211211282222212212 [2..12222212212 ’ [2812222]

Virgim'm] Β13112(42113222212221.11111.)).[262112.]
6112112211.[2..4222122122222.] Butyrum 112112111, 17.
6111111266121211111.[2.Α622122221] 0211111162 21132112101211222 022122212-
61121111212 611111111121. [2. 6621216122 162, 1111111.)[2.1’2112]

22132122] 02121112 6221126212. (.422222 tauma,

² 6112111212112111122. [2..462121612121 62- 11111) [21122112]

mum] 02121111822221. [1822222]

611111 (Anu 2222121221, Liun.) [v. 021211121121321112. [1612322111]

Pulvis, 1122112] 02121211821131211, (113622233322061221-
Aspanffl(dspmgwfflcinalis,11inu) 11212 ,) 186, 186.

[21122111] 021221. (0221222 1123222181111.) [v.
6221211112021212211. [1021222211] 062122
As plenium Scolopendrium [16112322 022Ι 22, 2210231111, ,112112112.(.42112211122

02211122 112222111111) [2. Folia, 8322-
62228221112, (82212222222116211111.) 2112]

82, 86, 141, 207, 208. 02111112 mediatum (0221221222 62112-
6112111111, (cum 612222112611111.) 211212, Liun.) [v. Aqua, 112111]

127, 220, 268. [102212681222112612222 ’,1102111211οΜ omuino.) [2..12-

111122, 8112222, 83211222]

Aurum. [2182112121] menryophyluu. (1121121 22622222, Liun.)

112212.(2222212122,112.)[ν222122.] [2. Rada]

61111312 82121112 72, 227, 288. Curyophyllus. (0223226311112 2222211222,

8222221111221164,82,110,188,282.Ι.11ιι..)[2 Oleum, 1111212, Syr-apuu]

Β21221112112111121 (1112212122. [2. 0226211- 022212 (022212 11121212,Ι.111.)Εκ112212,
ω,1121111111211211111211 11211112.[2.1113π62.] 390112811[1182111121]

41³

 

