660

110114 00101401, 16.
18[10121080114014061001, 72, 82,- 110. 167,
110111 011101001411, 72, 268.
80111 (1111110ρί004, 72, 82.
110114 0001101610 1101101414, 42,84, 126,
127, 217 220, 262, 266, 264, 267.
801111100411010, 126.
80111 1100400410, 68, 226.
80114 11000001, 72, 82, 268, 264.
80114 1111010111 00014111001, 72, 266
80111 Linguae 00111040, 126.
2200111 1111110, 46, 66, 86, 117, 171, 181,
110114 Marrubii Albi, 64, 72, 82, 110,
167,186, 262, 268.
²⁶ss'olir 11001140, 42, 72, 82, 94, 268, 262,
110114 millefolii, 246.
26[10111111410111180041101, 42, 84, 262,
80114 8460141140, 86, 117, 181.
110114 8411110011, 72, 82, 268.
80114 Plenteginis, 88, 200, 246, 264.
80111 11010011, 72, 82, 288.
110111 Rubi Sylvertrir, 248.
80111 110110, 72, 82, 110, 186, 288.
110114 8111110, 42, 72, 82, 84, 88, 110,
127, 186, 217, 220, 262, 268, 262, 267.
110111 81011001, 46, 66, 171, 226.
Folia 8101011140, 264.
110114 8411114010 Protendo, 72, 82, 268.
80111 8001611, 7 2, 82, 288.
110114 800140 1001164140, 8, 16, 24, 88,
68, 87, 88, 101, 106, 118, 127, 168, 212.
Folio serpylli, 72, 82, 288.
8011411140011, 72, 238.
Folio 11111040, 88, 200.
110114 verbasci, 46, 66, 171, 226.
110114 Virgae Λ111000, 72, 82, 268.
8011001011 1411100014 10 uteri prociden-
111, 81, 1801 emolliens 10 febre 01011001, 46.
171 3 emoll. 10 0000111004 11101.,68, 226.
81404111. (81000110 00400, Lino.) [1.

Fr 04]

111100 10600] ,

Fraxinus. (1110011101 00011101, 1110.) [1.
001100.

(1411]10010, (6010101411 memte, Don i)
11, 40, er, 1111111101.

(11111111. (8101101144 001141, Lino.) [1.
(1111110014,(110111060116100 00160ςὶ6600,
0111111) 114111.

(141011100110 41 04, 48, 1761 10 401-
this. 116, 1001 11111 1000104, 2281 in
14110114 eonii.. 21, 180.

(1001414. (6011110 1111010110, Lino.) [1. 01-
110101, Samnitum]

(1001414 04041100414. [0111061411]

(10011401. (Gentiano 14100, Lino.) [1.
Aqua, 8011001111, Rodio]

(1011104 Quercus. (1. Aoum]

Geum 01111010 [1. 0101010000]

INDEX FORMULARUM

(1100110014 1060140οι [1. Hedera Terres-
1111.

G ycyrrhin, 101 1100111111, (6100011110
0101101100.) [1. 1141111, 110610]

(1111]1100. (mrim 1000111, Lim) [v.
110611.

(1141111101. (Punico (11000144, Lino.) [1.
cortex, 810104]

Gummi 1401100114οπ10, (11010110 611144-
m non 1) 11, 141.

Gummi 1141100ιο, (Aratio 1014, wille)
66, 116, 281, 266.

1144111111οο (Ferme 1100401001, Lino.)

[v. barud , ,,
Η104 040 11141010 80101. m 01111110,
11104101 metieris 0010110011, 1, 1181

‘¹²⁸⁰ 1111211116

0001011028111 0410011110110 10014 0010

0011101114, 66, 681 01100. 10 febre 60011141.

100. 'ol-'omum

411. ’so-’m 104, 1661 perag

114, 28, 1781 04100. 11 1411010 1100101111-

0110141110 001111,11; 0410011 40010 101

101010 41000141101140006, 1141 04100.

11 0110011160 0 febre 0001111, 8, 101 00104-

11104 0010110014,8,24,101,106,118; 0111-

get. 10 0000111004 virui„ 681 purgat 10

1061000811, 212, 214: 001041 10 hydrope

(011101, 10ος purgat. in hydrope 010 10004-

11011104, 87, 2111 purget 10 014011 oom-

muni‚ 246, 247, 2481 purgat in 00110000-

11011110114, 38, 1681 1011001404110100-

111160, 66, 1661 4061610410111404 01416000,

1971 40601110104 11 febre 1010101111. 010

0400011104, 67.

1101146006100 101110ςί01604 [1.(1011-

10 ’0.

11011014 Terrestris. (6100101110 1106010040,

111110.) [1. 80100114.)

110 1101. (Areum 1100101104, Lirin.) [1.
rorte
110110640101114 (crerier 10001011) [1.

rr.

111011010ιο 811010111. [1. 1111010110]

1101601111, 1101604011 6101101011, 1100.)
228. [1..4000.

Hyacinthos. (2110011100 Silices.) [1. 004-
]11110011111011001. [1. 0110110141 21104011,
Mercurios 1141011, 1001ρί14144] .

111040010104 (1100000441 niger, 1110.)
0110110
[ 1100001011. (Hypenorrn 011ῄο141441,
Lim) [1101044101οι]

101 1410114 (imperatorio 0111411144,
11110. [0110610]

Iniuriocinerumgenimeinhydmffirrfi:
00111014 11010011 febre 1110110111, 1621 10-
10110410 1110011000 1104101.,1871 robor. 11
6141010, 641 robor. 10110010 elbo, 2621

041001010110 4141100.
. 11 1101111-

. robor. in hydrope, 2181 udicis 106011140

10 001101 hyster.. 208.

 

